500
824333 46 830 297 87
530999 292 762 377 963
642424 411 847 138 561
599851 264 936 569 917
548054 544 691 837 501
886874 352 380 515 773
599968 120 131 36 441
616571 397 858 353 81
839184 182 178 585 97
998150 567 671 716 83
750798 448 201 229 809
572592 960 897 13 586
909223 490 761 41 337
516655 791 326 189 249
857184 203 674 168 1
814403 684 385 664 880
744849 182 594 21 169
746984 897 825 601 33
781268 13 91 815 23
875822 700 33 181 75
958631 8 749 992 223
704657 456 429 30 771
596945 26 935 121 206
985871 197 932 911 561
663431 853 679 377 594
664451 448 56 665 801
526337 13 413 940 209
809464 819 871 555 34
891135 731 726 761 501
873185 734 735 461 973
799633 777 716 597 37
748024 713 18 233 557
799904 258 357 449 575
786763 120 983 597 800
531024 203 819 64 873
690815 977 754 63 520
703673 811 350 305 591
787728 701 563 75 565
632080 827 496 808 597
792368 879 364 681 425
618905 552 654 871 761
635455 759 282 964 243
961016 99 182 651 631
961057 285 462 91 791
888026 590 203 9 459
834155 583 337 361 225
531739 422 393 868 942
571844 951 516 773 293
687312 547 429 83 168
888514 553 609 937 65
676254 730 184 912 153
603713 889 143 253 879
639682 693 761 393 681
984281 939 903 171 585
906236 611 352 401 861
712569 232 771 675 961
655291 93 767 225 673
809870 572 396 626 700
943106 546 288 169 867
712001 658 171 281 595
906476 417 851 13 985
656926 105 546 625 477
694481 726 77 911 213
845045 75 475 385 29
932812 244 768 528 409
519177 837 181 941 643
921521 134 218 97 141
539619 924 56 171 525
758923 499 671 476 261
761251 522 512 86 183
504840 311 598 610 185
649444 582 984 251 561
914443 538 868 783 449
922172 674 29 710 988
527234 973 682 681 176
751208 806 103 223 655
712048 405 242 401 473
551567 962 8 173 481
582528 823 620 849 116
713132 481 935 921 998
993794 601 858 889 401
936604 421 13 251 110
635657 340 529 1 15
809171 364 288 601 653
657890 833 356 744 263
911817 699 650 1 619
733068 167 906 749 985
621387 246 788 844 453
797794 697 448 565 596
568644 264 38 337 653
622525 218 229 874 584
712012 491 301 573 314
614066 8 875 381 929
660698 853 468 813 506
695435 451 27 688 37
728618 933 308 451 697
501493 247 143 817 528
676707 738 126 161 37
938055 51 828 321 961
725420 373 428 429 521
580168 826 623 137 706
727037 781 495 641 547
686441 637 365 569 26
696014 877 572 898 501
763439 198 243 801 652
944396 317 674 801 127
792742 127 322 787 301
664966 609 0 731 989
950196 676 432 999 107
560828 308 866 623 9
641939 198 773 326 905
552217 962 898 151 61
939683 790 729 193 179
938027 602 210 265 721
956959 94 207 837 313
985080 900 651 593 311
696335 62 83 17 313
868526 875 686 641 441
726932 630 305 117 180
714128 486 272 367 121
872559 815 878 231 943
856485 182 14 184 601
542105 32 208 892 714
505856 275 850 73 975
760559 4 88 737 517
934634 735 524 65 766
603631 761 624 543 993
724685 715 962 401 569
615746 284 605 276 115
586797 611 924 522 355
889115 470 463 341 613
848294 738 849 493 133
633260 928 814 929 827
866996 924 253 702 410
842396 594 252 601 971
579098 432 463 471 13
573064 274 832 237 177
538508 18 93 905 520
504917 454 475 952 633
616265 874 976 1 568
782713 713 858 951 586
634492 395 730 431 601
534326 728 426 924 924
629948 521 697 114 245
838601 648 539 457 891
629343 427 483 639 499
656962 278 6 713 352
881656 645 857 877 237
703928 816 780 57 90
580685 776 710 465 97
580772 381 234 839 401
971000 117 656 714 880
704579 628 892 101 835
712727 781 176 41 56
629880 488 88 641 875
896596 288 882 128 302
939913 803 833 831 681
516922 460 996 565 245
573497 611 112 281 191
916793 721 855 297 289
548508 319 721 117 925
857741 619 0 341 160
762479 899 242 695 805
872329 217 788 259 867
832411 51 431 136 985
808442 716 899 242 905
693524 52 767 713 799
984674 741 586 257 799
964175 631 876 413 6
837704 39 105 476 163
851624 533 0 617 253
921767 697 528 779 429
937802 953 438 447 806
716827 17 550 787 687
796147 910 616 401 133
581111 463 896 553 137
840219 535 715 203 329
669683 498 385 107 665
724783 919 966 779 385
545992 857 565 146 965
568599 263 208 477 721
948050 546 140 51 41
987009 907 984 561 701
625091 756 726 561 867
683468 622 951 906 189
507599 377 836 747 506
749080 332 890 269 597
699301 162 947 489 255
686144 590 408 949 111
673148 973 980 761 436
621455 986 609 238 273
595752 800 704 117 376
658833 485 243 425 909
786967 939 695 47 287
594071 28 422 292 319
755163 629 680 799 641
502352 609 754 221 100
538967 949 686 355 785
703228 858 411 916 386
908884 679 522 989 465
759601 714 180 311 993
904793 662 550 285 36
883742 18 158 665 513
983644 715 350 62 413
947991 371 748 551 456
726415 286 92 483 393
533678 588 794 817 331
502889 730 745 669 35
642020 922 157 377 406
888440 692 39 646 161
635851 174 921 13 489
765561 674 774 5 389
562892 715 796 713 451
758939 382 779 392 879
823951 617 88 869 524
844616 446 315 769 395
922097 601 143 790 182
848015 875 515 591 387
864342 936 284 601 461
972144 617 292 881 741
684233 789 117 181 317
686117 693 679 436 851
821346 247 497 491 401
899741 273 989 32 936
694391 599 528 517 124
582564 889 385 487 77
652868 911 428 97 205
929333 264 605 209 265
914956 420 935 596 619
700322 286 413 353 200
973787 94 618 18 445
986583 716 308 963 905
644015 606 77 105 746
750245 733 770 601 491
627170 733 317 480 795
812357 88 852 554 105
641351 0 517 433 991
503828 615 48 809 445
635166 594 91 975 209
563474 984 725 801 649
735153 899 334 931 691
846058 9 445 825 177
729475 598 110 980 627
890611 350 472 40 541
584291 609 115 1000 178
519140 385 127 425 289
960946 69 52 201 556
881611 329 633 51 517
902453 476 434 532 867
978391 0 208 493 251
728180 572 206 667 676
922428 764 438 310 81
537824 700 594 870 513
934769 70 510 821 429
708301 577 777 449 77
748071 101 177 173 126
587168 793 826 213 541
686042 273 88 110 321
538542 70 897 722 581
761189 870 814 93 25
738080 595 814 841 633
858365 858 357 841 501
585886 186 154 489 954
850557 977 637 383 633
566753 143 774 311 741
861840 105 166 824 252
968486 855 0 179 502
691199 630 535 696 197
827165 772 242 321 621
527606 87 299 292 901
635015 402 161 184 479
508396 560 664 545 183
685313 712 562 526 831
998192 149 921 517 505
945887 819 0 816 1
908577 700 321 105 450
705990 541 991 289 46
780166 19 411 150 261
908699 659 593 851 510
749385 946 952 401 324
791396 737 588 689 857
985985 70 131 35 446
516202 562 862 101 474
515134 286 830 586 826
641099 702 60 481 271
584786 940 903 625 208
817017 971 355 526 261
581057 161 266 65 561
503012 794 350 817 993
623179 716 141 853 149
523795 550 697 591 320
699121 826 438 213 741
757394 391 217 803 547
871843 175 830 192 981
567818 934 225 238 477
936601 85 415 849 407
950299 598 60 71 976
911878 703 425 644 961
539991 191 651 751 999
821219 161 133 351 260
951068 962 943 411 58
673093 87 383 715 73
684419 862 289 279 1
821060 758 158 325 533
692165 153 364 579 177
985121 761 585 81 178
586253 252 281 843 787
872510 926 509 361 87
619172 396 77 621 496
666502 793 666 229 633
717671 814 637 337 841
809602 410 225 27 476
502052 33 523 996 761
786419 508 563 453 881
781318 951 454 815 399
513232 910 328 29 49
786813 8 836 453 336
973430 856 226 388 867
800312 396 693 476 251
789813 875 185 951 85
508274 129 492 34 271
581882 738 492 421 801
973180 523 980 601 440
754782 461 592 929 335
620806 561 65 805 573
901165 259 772 11 228
688434 230 777 621 544
802046 403 803 565 149
957134 593 863 701 321
846370 785 155 670 171
841646 809 20 313 76
841787 770 460 409 652
773226 338 941 856 985
928055 941 449 125 546
542993 658 669 985 882
786023 427 747 651 945
929669 793 146 869 985
948282 894 865 821 633
648629 560 32 31 465
855494 273 69 969 793
842210 562 203 21 631
507276 962 529 51 345
628296 260 514 503 681
950216 553 393 909 835
716583 2 206 781 109
550940 273 520 451 163
732497 330 932 127 723
554123 702 910 575 149
722969 386 792 398 777
741626 266 484 156 567
562762 733 41 262 565
658445 105 731 469 79
845280 385 546 345 88
897077 539 65 149 297
532781 948 91 265 242
578324 541 405 551 685
516293 728 369 53 572
976416 265 496 543 321
511656 136 365 511 473
991526 130 212 753 652
623236 126 58 225 657
689513 254 6 437 397
841555 975 81 697 463
755697 486 121 390 586
780542 671 841 159 247
543779 371 728 437 857
715790 574 375 767 166
866957 571 455 182 377
688560 949 175 865 707
888360 263 183 710 821
548267 819 816 478 765
770106 836 60 969 504
620757 863 572 425 231
873647 528 161 793 241
696638 267 924 551 611
799336 0 377 438 538
690227 706 847 481 121
631559 80 861 329 977
865020 357 976 21 113
536810 71 651 925 281
731681 977 593 426 321
899583 411 523 626 579
607694 351 255 159 881
957623 607 14 819 577
531517 824 557 981 40
804261 583 700 319 994
715385 511 715 801 721
920409 624 276 613 921
622004 743 889 521 651
997407 187 442 333 981
708601 103 700 852 487
900596 483 662 251 328
978828 202 176 71 785
924636 481 53 641 944
538187 22 172 817 536
514526 744 633 546 955
996179 545 897 333 418
897990 246 50 921 625
906277 302 609 196 809
726761 732 429 305 591
950325 336 609 361 796
990482 252 829 363 833
814675 290 352 406 119
969889 393 723 193 579
980777 708 651 398 435
971429 35 453 480 447
980900 118 777 91 805
679779 959 198 656 595
521405 182 154 751 800
824350 234 378 986 81
533735 808 831 151 605
956828 98 59 151 881
700076 913 746 960 348
579341 569 791 219 464
772997 91 249 497 990
979238 716 159 801 398
853478 972 476 281 195
812369 82 399 56 577
807638 514 48 67 913
542660 898 601 72 665
708050 422 584 282 937
558707 609 392 603 911
737771 436 86 281 995
836903 491 756 838 278
685976 997 371 501 959
647312 948 468 739 187
717289 812 189 552 689
972857 430 0 795 394
590267 463 717 199 726
529415 521 501 321 810
700544 248 949 369 601
837818 448 195 751 441
549425 356 137 126 133
951320 688 280 941 801
638187 315 77 751 6
934608 209 899 461 525
617356 177 968 410 7
740568 99 847 185 161
582899 74 898 240 417
927021 593 128 206 665
898404 325 564 93 736
553279 693 906 321 517
913200 684 126 633 728
953829 84 720 436 65
693207 806 520 647 577
796935 75 737 625 149
842602 819 539 445 271
950844 904 847 735 941
953848 334 155 97 418
639991 968 39 873 832
536645 572 841 832 960
697978 644 364 26 201
748807 231 560 156 266
971116 539 492 761 610
630833 881 107 646 309
885847 585 862 741 89
934596 868 273 513 196
504617 231 949 705 441
521771 402 850 149 118
844103 663 854 121 626
603560 0 364 941 932
590057 881 840 102 126
627589 455 267 319 374
915619 325 489 787 621
586748 799 553 485 967
877298 189 48 721 29
712863 717 667 133 799
899564 767 786 319 493
592816 966 288 825 897
635965 933 469 473 745
721715 292 918 755 152
629666 96 737 863 818
573137 7 118 25 643
844148 122 623 309 726
600221 925 119 853 681
822761 936 481 801 401
540276 313 616 701 593
973778 398 555 141 544
890456 606 455 977 99
899057 842 210 55 797
873329 386 839 540 724
936884 864 795 229 130
813854 98 158 97 573
818579 992 741 301 673
631282 248 607 855 935
889217 132 889 737 1
587929 241 274 156 848
885118 156 563 479 977
826028 330 571 465 888
981088 798 529 621 773
986689 803 869 579 193
597380 682 458 807 109
734150 666 9 832 286
809952 357 637 681 121
803027 716 449 965 359
558317 665 650 724 41
572048 708 696 840 276
998693 650 438 496 376
761071 224 25 969 9
899420 538 751 83 643
