498
717368 0 31779 492344 562
621027 0 675473 992008 1306
763922 0 221417 979534 2
590208 0 291363 673978 782
699537 0 829166 803962 1220
644588 0 867985 946220 434
981609 0 354291 243392 312
691117 0 737482 185536 1746
805219 0 733424 803054 2144
611526 0 722460 190480 622
668764 0 521166 982814 2
821023 0 853301 903702 730
614966 0 217125 972608 726
728588 0 582352 896898 342
748518 0 616600 58340 1036
791783 0 917453 350562 604
691153 0 942650 967494 1778
602569 0 969236 979346 40
665816 0 616481 56762 1148
800760 0 622219 716012 676
660190 0 74492 911882 2
828242 0 582355 922602 350
631302 0 619925 988838 814
594245 0 995094 522908 328
647673 0 969504 926936 2
926081 0 376829 272862 222
801355 0 853300 916282 700
775817 0 669596 415330 260
688846 0 359884 927224 1794
652791 0 952667 542932 1576
640269 0 566747 531974 104
797257 0 728450 275548 650
817326 0 204112 130496 1398
859139 0 217107 970236 730
869352 0 31108 583812 950
997291 0 149565 982244 848
763983 0 217129 938194 922
916602 0 495395 976382 2
680172 0 566762 483974 76
746130 0 678302 979026 2460
594322 0 887332 199144 1538
958919 0 74490 815626 2
688797 0 566749 560264 100
806996 0 245496 913772 1566
876598 0 917432 366684 612
926065 0 677331 360078 792
632235 0 994235 971018 2
999527 0 918827 961328 2
872549 0 669582 451126 268
794545 0 540273 932100 2
854031 0 830368 951754 1032
957611 0 603100 942920 1992
856973 0 698271 898132 84
858781 0 376806 243290 260
989936 0 733309 830652 2270
632550 0 728396 290790 750
629833 0 867959 990392 664
664436 0 405342 31406 1670
836173 0 487806 936042 2694
826633 0 973073 983878 1524
790873 0 636638 994564 1912
786525 0 540272 905710 2
894009 0 602996 977340 1980
597362 0 603005 961308 1790
798163 0 33938 913266 1152
774951 0 475084 631456 152
843434 0 918830 997636 2
632969 0 74491 834390 2
609920 0 829185 700740 1186
708881 0 885113 476598 2234
761905 0 912987 934916 184
814400 0 204092 131132 1358
744552 0 678330 962532 2236
631858 0 829050 860570 1328
894758 0 70726 988578 270
877632 0 969235 995538 42
842801 0 917407 362036 656
950230 0 757487 898794 614
752360 0 952566 575898 1652
886695 0 757433 916716 656
855662 0 487329 903660 134
790041 0 994233 974488 2
875886 0 418464 924668 910
764212 0 712897 140812 1244
880638 0 995092 469018 332
686124 0 620077 593914 2224
899228 0 952565 519202 1398
951996 0 245558 974756 1476
648780 0 823985 427844 1148
988927 0 602876 959396 1608
762188 0 942489 730946 1980
680080 0 619965 914562 768
765406 0 973152 919468 1558
639076 0 616534 58300 1080
807211 0 33968 951726 1152
640535 0 495395 931002 2
825944 0 487352 927508 102
929219 0 620054 968690 428
609808 0 295159 954572 588
709014 0 669591 387062 266
831493 0 405392 39588 1856
825747 0 270580 870766 2
644413 0 244351 856804 476
833831 0 244368 881764 436
737722 0 942655 946976 1756
729479 0 495395 938968 2
827829 0 828786 987236 1752
946387 0 733267 958332 2158
794400 0 217379 210226 1130
651445 0 30982 668766 1222
981594 0 405389 33058 1602
625171 0 487328 823820 132
758373 0 795419 268872 336
644411 0 405416 36958 1866
932132 0 270582 977466 2
718480 0 973196 911098 1478
733970 0 504639 596306 1670
627273 0 24830 517304 1886
856616 0 31107 602416 1004
741902 0 74493 971830 2
812258 0 30313 3424 88
990139 0 405387 37760 1860
943513 0 360216 988816 812
754195 0 942435 724646 2010
605041 0 78634 471130 220
814082 0 887329 244046 1810
861927 0 994235 992104 2
869705 0 582327 960890 378
979969 0 221418 930960 2
829742 0 816449 915152 356
636700 0 620115 605502 2118
685815 0 712970 150170 1220
668981 0 309324 965554 602
730123 0 496779 938548 1160
799728 0 733106 896244 2454
906467 0 313022 811456 3092
835913 0 589743 855114 1282
779453 0 31015 591042 1146
937942 0 354305 253136 302
964115 0 942499 803622 1832
733799 0 669580 389524 262
793444 0 757428 983324 696
837101 0 245685 962524 1410
963531 0 677310 348016 862
790838 0 111726 920920 2
699118 0 244314 988748 534
629043 0 487331 799898 120
878965 0 619957 969684 714
895344 0 475098 522804 134
799619 0 620002 645842 2218
904914 0 669601 419412 248
649368 0 309354 948966 572
956921 0 487944 998634 2624
822789 0 994235 957178 2
667951 0 636160 977730 1892
780934 0 795429 266818 314
829841 0 616545 62136 1078
618237 0 733235 929248 2426
824165 0 495394 931944 2
750471 0 887351 203060 1590
678731 0 405438 33134 1540
614814 0 619947 638200 2264
625080 0 868011 903498 404
933339 0 829023 954446 1434
891644 0 952626 560766 1292
679364 0 853281 855262 750
965510 0 620159 984982 696
874217 0 698265 991038 92
853152 0 34197 996310 976
962970 0 687662 15140 852
779690 0 969238 954566 36
777042 0 687659 14214 798
976870 0 994236 940364 2
661497 0 670639 958180 352
757856 0 270580 872376 2
600584 0 177960 950222 88
596159 0 486243 820052 208
825737 0 973118 968814 1522
611566 0 942442 718288 2084
918366 0 675523 991324 1280
844110 0 528675 976188 2
790832 0 952656 565344 1600
977729 0 94288 444708 1220
758116 0 324975 999566 2480
806091 0 217410 244678 1118
644902 0 853269 855424 724
960960 0 917399 336488 702
760368 0 744754 394196 1608
771315 0 270581 902458 2
746863 0 728481 277226 610
964013 0 952757 504220 1528
805055 0 733308 988054 1772
784896 0 376561 936406 360
839049 0 636534 972312 1988
967778 0 89260 478778 1282
939808 0 744705 371686 1640
604935 0 678334 977866 2164
818530 0 687555 12592 834
680002 0 547573 986050 2
838666 0 917431 370868 672
714838 0 270580 846214 2
796600 0 325097 920178 2298
600297 0 405435 41470 1798
734558 0 952540 565722 1328
830260 0 354306 258038 260
603059 0 816491 955550 314
779573 0 713742 796730 908
768719 0 24681 532502 2064
736260 0 564878 972444 214
856101 0 994235 994856 2
753195 0 994233 985190 2
657321 0 737382 174070 1906
995744 0 488722 633546 728
743042 0 418530 982270 906
989682 0 887339 215786 1674
740705 0 487326 993922 140
654814 0 830289 979316 1080
945968 0 354309 233332 278
759701 0 111731 926536 2
753404 0 30318 3952 86
880240 0 867963 958554 642
613393 0 405395 38346 1884
653720 0 887293 207300 1574
879286 0 495394 984616 2
695648 0 733139 864570 2418
859814 0 942496 762770 1830
874231 0 969505 956690 2
668575 0 728415 287008 696
755480 0 42040 989842 2
996676 0 74490 809930 2
899928 0 853338 840422 684
900534 0 737621 213842 1680
920062 0 94261 428638 1214
888232 0 30320 3722 80
888996 0 295151 994258 692
774281 0 495396 918512 2
620393 0 521931 992878 2
777349 0 89253 519680 1182
747351 0 89213 528832 1310
590193 0 312864 803356 3182
735653 0 622184 678702 700
665609 0 521047 922570 2
840108 0 829226 689018 1116
688701 0 203856 136182 1582
656851 0 845244 854838 2304
922941 0 816477 977566 352
782061 0 487344 922010 108
610200 0 94202 393220 1210
826859 0 24647 611040 1850
692851 0 853217 910456 782
746967 0 475086 648924 142
625592 0 217373 230404 1090
783086 0 295187 897952 564
818228 0 816489 920152 336
896963 0 918830 963394 2
713611 0 24720 586948 1716
919603 0 973271 987868 1468
998316 0 521047 987704 2
765678 0 30322 3592 82
695949 0 853387 933200 644
754707 0 564605 979310 2
789174 0 111728 951152 2
664112 0 475108 582394 128
840464 0 589746 861768 1198
608121 0 582347 919890 354
909131 0 744684 410760 1762
594686 0 291402 661552 720
894322 0 728387 314946 766
928649 0 619969 964014 758
666500 0 496735 996546 1228
611485 0 885153 425838 2016
751095 0 309525 954012 442
596110 0 312878 880952 3102
810825 0 830378 966094 1060
940619 0 722453 193372 624
924380 0 245670 954428 1318
885513 0 30321 3964 86
947778 0 111731 975496 2
978255 0 89260 557576 1236
928674 0 728432 287588 716
597430 0 594432 938606 2
842243 0 868017 951422 356
731635 0 952571 570976 1516
806023 0 990285 957258 1786
879744 0 969237 957158 36
903204 0 89250 536946 1286
989372 0 728421 294314 688
834597 0 589817 861224 1144
726213 0 475098 537368 138
669840 0 994233 942268 2
938529 0 678328 943418 2100
753032 0 33904 956192 1222
922022 0 594431 988104 2
946032 0 203888 129002 1542
893735 0 34027 958534 1058
922605 0 678786 999664 1988
743003 0 687591 12978 856
599474 0 507671 283140 306
726853 0 942507 881974 1886
827215 0 867939 930298 516
780429 0 830429 937758 948
887762 0 678620 988450 1962
616141 0 917423 358622 700
918097 0 566761 496262 82
766240 0 405366 34364 1784
655054 0 31035 628446 1232
835321 0 376542 895536 394
744818 0 737411 200374 1906
977589 0 620074 554336 2078
602518 0 952658 513094 1692
842024 0 149707 976622 692
788652 0 816453 994048 358
616114 0 418555 971014 850
740220 0 418469 948928 932
705699 0 74489 840514 2
725469 0 737577 212920 1758
712879 0 487884 235226 924
969848 0 867902 994678 732
701493 0 582320 996270 470
803034 0 885062 437752 2336
903574 0 582342 937220 348
969306 0 24671 524212 2012
654080 0 540271 925414 2
762055 0 89283 559462 1202
636054 0 995114 499830 316
846958 0 917439 380664 614
859274 0 359792 982710 1958
800189 0 582325 975162 364
737856 0 495397 991724 2
602663 0 969239 979462 40
947209 0 203998 124262 1442
947383 0 94191 360592 1136
862971 0 823938 398888 1240
823038 0 582343 980136 370
681097 0 687651 15268 776
815175 0 74491 889696 2
683005 0 496799 899416 1082
890203 0 225887 885966 1626
922306 0 589753 871160 1172
771661 0 31033 617664 1052
649790 0 589828 842324 1062
978532 0 74492 892342 2
672378 0 918826 987772 2
746957 0 678791 905110 2102
914929 0 687530 12766 926
604289 0 270654 965120 2
828805 0 540276 988730 2
783825 0 994233 964938 2
595195 0 733163 991632 2286
962252 0 245572 955486 1418
625045 0 42040 965584 2
860692 0 744713 356400 1594
959976 0 94158 431258 1336
855005 0 728499 266778 586
607850 0 687541 13648 908
759109 0 270730 971946 2
988912 0 636023 924214 1978
910171 0 917392 356018 754
874452 0 244300 957138 500
696606 0 24847 507206 1726
809136 0 757449 865448 634
884764 0 309322 958216 624
776399 0 868024 937652 382
985122 0 913045 990314 398
693348 0 24676 564712 1872
687030 0 887425 241468 1684
648670 0 728464 300336 652
663708 0 687644 16176 844
629908 0 795408 264090 340
862788 0 203938 124442 1464
599748 0 94251 406738 1314
867344 0 795424 253208 312
613381 0 244353 955916 486
766991 0 24647 632340 1750
742622 0 969237 966796 38
639103 0 973182 973792 1636
830298 0 942582 829650 1802
802712 0 867917 972724 740
677149 0 582301 995570 546
719767 0 528677 974222 2
798321 0 376830 254032 236
843949 0 969505 955844 2
644116 0 418566 994314 902
783919 0 475090 605904 134
883031 0 270580 812590 2
736673 0 235785 988714 1224
637653 0 111732 954766 2
591257 0 589758 850590 1274
981967 0 312775 944478 3374
921721 0 487339 893246 118
735228 0 942737 978792 1744
804198 0 712893 143132 1292
840281 0 913070 997224 438
628398 0 566757 524834 92
860535 0 424919 997110 1972
894324 0 42040 963272 2
806429 0 325088 912478 2188
591248 0 475111 602244 134
923821 0 354292 260104 300
798391 0 94201 421182 1340
748203 0 89205 490308 1208
979416 0 486241 896356 194
733015 0 78611 463972 244
670468 0 78619 498358 238
755592 0 31065 610882 1018
809649 0 917417 341370 642
821035 0 816444 961970 382
736402 0 582359 919668 352
963620 0 853400 986686 596
795581 0 295172 905906 622
691103 0 589796 797754 1220
852059 0 675537 950198 1318
709899 0 677430 928290 204
850479 0 675562 954740 1308
873081 0 270730 962188 2
639495 0 418498 935190 916
685166 0 31051 647906 1110
675324 0 917436 358088 642
715546 0 475099 575010 128
669358 0 354288 260688 294
929935 0 496815 979852 1116
756298 0 354289 257914 286
827583 0 486226 997398 222
898697 0 30319 3452 80
805372 0 30316 3630 80
703346 0 887398 225562 1628
608406 0 678301 965614 2248
634609 0 359767 961926 1856
820423 0 376554 921776 368
695222 0 376560 934864 348
986375 0 244313 976416 508
786750 0 418435 990150 914
983085 0 995117 492918 308
860983 0 823948 422454 1268
848581 0 313117 810200 2802
697784 0 94245 419582 1222
833852 0 589795 850270 1172
993672 0 830413 930502 1006
661150 0 376799 243220 272
775729 0 204210 127268 1336
866932 0 488706 664404 704
607847 0 487325 817104 134
805855 0 969504 988376 2
843483 0 309425 947916 436
760296 0 675421 961402 1528
870516 0 737499 230970 1780
591349 0 918830 975006 2
847966 0 487949 925458 2312
700768 0 885223 452376 2040
731318 0 594547 995758 74
941565 0 376590 939912 364
777098 0 603124 930062 1650
663170 0 295153 938938 616
850785 0 830420 866356 890
921657 0 733171 915536 2336
791937 0 994234 956164 2
744783 0 475087 626866 138
889841 0 312861 965534 3526
743852 0 675418 995734 1428
796187 0 360293 998184 674
767659 0 94236 441614 1236
676581 0 418564 993340 906
734542 0 824016 401356 1154
920083 0 887317 203238 1676
740184 0 845341 895380 2178
643901 0 589767 797554 1140
817230 0 111726 967226 2
791956 0 952522 577680 1402
721457 0 845328 926190 2332
669062 0 33935 982344 1234
931715 0 744715 357590 1620
922116 0 969504 976322 2
767169 0 867984 955858 444
766321 0 217137 938550 972
606015 0 969506 997672 2
913679 0 486234 945022 216
723294 0 698266 937170 86
857329 0 359756 930492 1742
598183 0 376561 909516 366
631453 0 712906 130512 1288
775885 0 30320 3444 82
763069 0 829128 726828 1190
675580 0 722457 177178 622
660897 0 566763 471470 68
592435 0 830405 984266 1008
674422 0 487875 247794 992
781857 0 733156 992406 2472
883323 0 376570 994940 366
698588 0 589670 916388 1406
914648 0 728428 311232 688
900244 0 744758 335152 1526
898462 0 678838 967722 2016
698660 0 670643 934472 354
859934 0 669562 465632 282
629756 0 603107 855438 1598
883753 0 217144 946250 668
985889 0 111731 903900 2
778382 0 487340 881794 110
