97979727
183137640
619975414
403673380
312097693
714448370
528795955
616687559
24476003
848767075
63650779
795229401
314153079
404573761
714012800
663232133
279208355
27015597
429501083
96287922
235610351
247923550
746126623
405939990
975718484
837245089
213980322
551861177
662402878
9888498
660893534
220636270
141491497
500696960
797013413
810758078
837493367
962522596
415729290
979287453
357958253
32202051
548880164
427586289
990501301
598409117
750844399
750620915
829410181
482576438
696572402
172062634
123148657
89852157
657621602
343545820
311165116
546524566
65317578
46414518
731580741
239367771
696797840
288216397
440713096
156878674
547785481
109215377
19865355
441103615
468134551
169482338
501364690
37786033
391123707
426848030
13916170
568899937
541727344
818806575
546347347
126081757
668469989
773730831
482731089
812143065
943532439
576250407
476885637
217561421
748114611
614741211
762949443
444890786
666348122
97993003
154497755
134784791
734857185
350618188
