100
2692337 2692337 2692337
399668 399668 399668
6781097 6781097 6781097
6807066 6807066 6807066
6009726 6009726 6009726
4695361 4695361 4695361
540357 540357 540357
8875969 8875969 8875969
5227726 5227726 5227726
2982271 2982271 2982271
5728131 5728131 5728131
5877185 5877185 5877185
8422457 8422457 8422457
9532986 9532986 9532986
2143475 2143475 2143475
3958469 3958469 3958469
6852435 6852435 6852435
1271299 1271299 1271299
9030821 9030821 9030821
3651954 3651954 3651954
6734260 6734260 6734260
568182 568182 568182
3256401 3256401 3256401
767140 767140 767140
5212977 5212977 5212977
4349536 4349536 4349536
7588049 7588049 7588049
2906473 2906473 2906473
1517698 1517698 1517698
2382730 2382730 2382730
9791131 9791131 9791131
3370369 3370369 3370369
1302743 1302743 1302743
4936241 4936241 4936241
4455509 4455509 4455509
3430593 3430593 3430593
861545 861545 861545
8026019 8026019 8026019
8666637 8666637 8666637
8366389 8366389 8366389
3277357 3277357 3277357
4519847 4519847 4519847
6481207 6481207 6481207
1722400 1722400 1722400
7661347 7661347 7661347
473797 473797 473797
389501 389501 389501
3721422 3721422 3721422
4219905 4219905 4219905
1481977 1481977 1481977
3167088 3167088 3167088
1914667 1914667 1914667
343994 343994 343994
8326341 8326341 8326341
2902525 2902525 2902525
1670309 1670309 1670309
8794437 8794437 8794437
2454705 2454705 2454705
6677095 6677095 6677095
1156501 1156501 1156501
2039481 2039481 2039481
8397313 8397313 8397313
8343397 8343397 8343397
7237086 7237086 7237086
5756841 5756841 5756841
8026729 8026729 8026729
4287766 4287766 4287766
3042031 3042031 3042031
4614737 4614737 4614737
8151785 8151785 8151785
6702499 6702499 6702499
6266873 6266873 6266873
8054301 8054301 8054301
3344402 3344402 3344402
9976969 9976969 9976969
1457185 1457185 1457185
4966061 4966061 4966061
6999361 6999361 6999361
137781 137781 137781
6168833 6168833 6168833
8484383 8484383 8484383
1334606 1334606 1334606
3674866 3674866 3674866
5818249 5818249 5818249
7203329 7203329 7203329
8279382 8279382 8279382
5893857 5893857 5893857
8183975 8183975 8183975
7317841 7317841 7317841
3383140 3383140 3383140
1430732 1430732 1430732
2002917 2002917 2002917
1535646 1535646 1535646
5188360 5188360 5188360
7668672 7668672 7668672
3485839 3485839 3485839
3655810 3655810 3655810
1164676 1164676 1164676
2796851 2796851 2796851
1029486 1029486 1029486
